   2.9047619e-01	   0.0000000e+00	   0.0000000e+00	   0.0000000e+00	   0.0000000e+00	   2.0000000e-01	   0.0000000e+00	   0.0000000e+00	   0.0000000e+00	   0.0000000e+00	   0.0000000e+00	   0.0000000e+00	   2.0000000e-01	   1.4285714e-01	   0.0000000e+00	   0.0000000e+00	   0.0000000e+00	   0.0000000e+00	   0.0000000e+00	   1.6666667e-01	
   0.0000000e+00	   6.6666667e-01	   0.0000000e+00	   0.0000000e+00	   0.0000000e+00	   0.0000000e+00	   0.0000000e+00	   0.0000000e+00	   0.0000000e+00	   0.0000000e+00	   0.0000000e+00	   0.0000000e+00	   0.0000000e+00	   0.0000000e+00	   0.0000000e+00	   0.0000000e+00	   3.3333333e-01	   0.0000000e+00	   0.0000000e+00	   0.0000000e+00	
   0.0000000e+00	   0.0000000e+00	   2.1428571e-01	   0.0000000e+00	   0.0000000e+00	   1.6666667e-01	   1.4285714e-01	   0.0000000e+00	   0.0000000e+00	   0.0000000e+00	   1.6666667e-01	   0.0000000e+00	   0.0000000e+00	   1.4285714e-01	   0.0000000e+00	   0.0000000e+00	   0.0000000e+00	   1.6666667e-01	   0.0000000e+00	   0.0000000e+00	
   0.0000000e+00	   0.0000000e+00	   0.0000000e+00	   3.8333333e-01	   2.0000000e-01	   0.0000000e+00	   0.0000000e+00	   2.5000000e-01	   0.0000000e+00	   0.0000000e+00	   0.0000000e+00	   0.0000000e+00	   0.0000000e+00	   0.0000000e+00	   0.0000000e+00	   1.6666667e-01	   0.0000000e+00	   0.0000000e+00	   0.0000000e+00	   0.0000000e+00	
   0.0000000e+00	   0.0000000e+00	   0.0000000e+00	   2.0000000e-01	   3.2380952e-01	   0.0000000e+00	   0.0000000e+00	   0.0000000e+00	   0.0000000e+00	   1.6666667e-01	   0.0000000e+00	   0.0000000e+00	   0.0000000e+00	   0.0000000e+00	   1.4285714e-01	   1.6666667e-01	   0.0000000e+00	   0.0000000e+00	   0.0000000e+00	   0.0000000e+00	
   2.0000000e-01	   0.0000000e+00	   1.6666667e-01	   0.0000000e+00	   0.0000000e+00	   3.4761905e-01	   1.4285714e-01	   0.0000000e+00	   0.0000000e+00	   0.0000000e+00	   0.0000000e+00	   0.0000000e+00	   0.0000000e+00	   1.4285714e-01	   0.0000000e+00	   0.0000000e+00	   0.0000000e+00	   0.0000000e+00	   0.0000000e+00	   0.0000000e+00	
   0.0000000e+00	   0.0000000e+00	   1.4285714e-01	   0.0000000e+00	   0.0000000e+00	   1.4285714e-01	   1.4285714e-01	   0.0000000e+00	   0.0000000e+00	   0.0000000e+00	   1.4285714e-01	   1.4285714e-01	   0.0000000e+00	   1.4285714e-01	   0.0000000e+00	   0.0000000e+00	   0.0000000e+00	   1.4285714e-01	   0.0000000e+00	   0.0000000e+00	
   0.0000000e+00	   0.0000000e+00	   0.0000000e+00	   2.5000000e-01	   0.0000000e+00	   0.0000000e+00	   0.0000000e+00	   4.1666667e-01	   0.0000000e+00	   1.6666667e-01	   0.0000000e+00	   0.0000000e+00	   0.0000000e+00	   0.0000000e+00	   0.0000000e+00	   1.6666667e-01	   0.0000000e+00	   0.0000000e+00	   0.0000000e+00	   0.0000000e+00	
   0.0000000e+00	   0.0000000e+00	   0.0000000e+00	   0.0000000e+00	   0.0000000e+00	   0.0000000e+00	   0.0000000e+00	   0.0000000e+00	   7.5000000e-01	   0.0000000e+00	   0.0000000e+00	   0.0000000e+00	   0.0000000e+00	   0.0000000e+00	   0.0000000e+00	   0.0000000e+00	   0.0000000e+00	   0.0000000e+00	   2.5000000e-01	   0.0000000e+00	
   0.0000000e+00	   0.0000000e+00	   0.0000000e+00	   0.0000000e+00	   1.6666667e-01	   0.0000000e+00	   0.0000000e+00	   1.6666667e-01	   0.0000000e+00	   1.9047619e-01	   0.0000000e+00	   0.0000000e+00	   0.0000000e+00	   0.0000000e+00	   1.4285714e-01	   1.6666667e-01	   0.0000000e+00	   0.0000000e+00	   0.0000000e+00	   1.6666667e-01	
   0.0000000e+00	   0.0000000e+00	   1.6666667e-01	   0.0000000e+00	   0.0000000e+00	   0.0000000e+00	   1.4285714e-01	   0.0000000e+00	   0.0000000e+00	   0.0000000e+00	   3.4761905e-01	   1.4285714e-01	   0.0000000e+00	   0.0000000e+00	   0.0000000e+00	   0.0000000e+00	   0.0000000e+00	   2.0000000e-01	   0.0000000e+00	   0.0000000e+00	
   0.0000000e+00	   0.0000000e+00	   0.0000000e+00	   0.0000000e+00	   0.0000000e+00	   0.0000000e+00	   1.4285714e-01	   0.0000000e+00	   0.0000000e+00	   0.0000000e+00	   1.4285714e-01	   1.4285714e-01	   0.0000000e+00	   1.4285714e-01	   1.4285714e-01	   0.0000000e+00	   0.0000000e+00	   0.0000000e+00	   1.4285714e-01	   1.4285714e-01	
   2.0000000e-01	   0.0000000e+00	   0.0000000e+00	   0.0000000e+00	   0.0000000e+00	   0.0000000e+00	   0.0000000e+00	   0.0000000e+00	   0.0000000e+00	   0.0000000e+00	   0.0000000e+00	   0.0000000e+00	   4.6666667e-01	   0.0000000e+00	   0.0000000e+00	   0.0000000e+00	   3.3333333e-01	   0.0000000e+00	   0.0000000e+00	   0.0000000e+00	
   1.4285714e-01	   0.0000000e+00	   1.4285714e-01	   0.0000000e+00	   0.0000000e+00	   1.4285714e-01	   1.4285714e-01	   0.0000000e+00	   0.0000000e+00	   0.0000000e+00	   0.0000000e+00	   1.4285714e-01	   0.0000000e+00	   1.4285714e-01	   0.0000000e+00	   0.0000000e+00	   0.0000000e+00	   0.0000000e+00	   0.0000000e+00	   1.4285714e-01	
   0.0000000e+00	   0.0000000e+00	   0.0000000e+00	   0.0000000e+00	   1.4285714e-01	   0.0000000e+00	   0.0000000e+00	   0.0000000e+00	   0.0000000e+00	   1.4285714e-01	   0.0000000e+00	   1.4285714e-01	   0.0000000e+00	   0.0000000e+00	   1.4285714e-01	   1.4285714e-01	   0.0000000e+00	   0.0000000e+00	   1.4285714e-01	   1.4285714e-01	
   0.0000000e+00	   0.0000000e+00	   0.0000000e+00	   1.6666667e-01	   1.6666667e-01	   0.0000000e+00	   0.0000000e+00	   1.6666667e-01	   0.0000000e+00	   1.6666667e-01	   0.0000000e+00	   0.0000000e+00	   0.0000000e+00	   0.0000000e+00	   1.4285714e-01	   1.9047619e-01	   0.0000000e+00	   0.0000000e+00	   0.0000000e+00	   0.0000000e+00	
   0.0000000e+00	   3.3333333e-01	   0.0000000e+00	   0.0000000e+00	   0.0000000e+00	   0.0000000e+00	   0.0000000e+00	   0.0000000e+00	   0.0000000e+00	   0.0000000e+00	   0.0000000e+00	   0.0000000e+00	   3.3333333e-01	   0.0000000e+00	   0.0000000e+00	   0.0000000e+00	   3.3333333e-01	   0.0000000e+00	   0.0000000e+00	   0.0000000e+00	
   0.0000000e+00	   0.0000000e+00	   1.6666667e-01	   0.0000000e+00	   0.0000000e+00	   0.0000000e+00	   1.4285714e-01	   0.0000000e+00	   0.0000000e+00	   0.0000000e+00	   2.0000000e-01	   0.0000000e+00	   0.0000000e+00	   0.0000000e+00	   0.0000000e+00	   0.0000000e+00	   0.0000000e+00	   4.9047619e-01	   0.0000000e+00	   0.0000000e+00	
   0.0000000e+00	   0.0000000e+00	   0.0000000e+00	   0.0000000e+00	   0.0000000e+00	   0.0000000e+00	   0.0000000e+00	   0.0000000e+00	   2.5000000e-01	   0.0000000e+00	   0.0000000e+00	   1.4285714e-01	   0.0000000e+00	   0.0000000e+00	   1.4285714e-01	   0.0000000e+00	   0.0000000e+00	   0.0000000e+00	   4.6428571e-01	   0.0000000e+00	
   1.6666667e-01	   0.0000000e+00	   0.0000000e+00	   0.0000000e+00	   0.0000000e+00	   0.0000000e+00	   0.0000000e+00	   0.0000000e+00	   0.0000000e+00	   1.6666667e-01	   0.0000000e+00	   1.4285714e-01	   0.0000000e+00	   1.4285714e-01	   1.4285714e-01	   0.0000000e+00	   0.0000000e+00	   0.0000000e+00	   0.0000000e+00	   2.3809524e-01	
